....1........
.........2...
3............
.............
.............
........4....
.5...........
............6
.............
.............
.........7...
8....9.......

328
(1, 2) 6
(1, 3) 6
(1, 4) 8
(1, 5) 8
(1, 6) 13
(1, 7) 13
(1, 8) 13
(1, 9) 11
(2, 3) 9
(2, 4) 5
(2, 5) 11
(2, 6) 8
(2, 7) 8
(2, 8) 16
(2, 9) 12
(3, 4) 9
(3, 5) 5
(3, 6) 14
(3, 7) 14
(3, 8) 8
(3, 9) 12
(4, 5) 7
(4, 6) 6
(4, 7) 6
(4, 8) 12
(4, 9) 8
(5, 6) 10
(5, 7) 10
(5, 8) 6
(5, 9) 8
(6, 7) 5
(6, 8) 13
(6, 9) 9
(7, 8) 9
(7, 9) 5
(8, 9) 5
